06313263
06313230
06313269
06313265
06313229
32016613
06313262
06313267
06313344
063258106313263
06313230
06313269
06313265
06313229
32016613
06313262
06313267
06313344
06325819
06366432
06366437
06366449
06313356
06366438
21012270
06325836
06313243
06313355
06366436
06313227
06313228
06366467
33059422
33160528
32013847
32013976
32015421
32029096
33095265
32015420
04501417
06313287
33046480
33160531
06313270
32016615
32016616
06313286
33066072
33095266
33117826
33181178
77006324
33122192
32030372
32030373
33206261
32017173
32030085
32044235
33158646
32030374
33065668
33116239
04505346
15040456
32015760
33048990
33049044
33144078
32022275
21014728
77000253
06313226
33048989
33071783
33048991
33066450
06313234
32035338
33122188
33144077
06313233
06313241
06313242
07095152
07095153
33019426
33122239
33122240
33144068
33173578
07114789
33068376
33076841
33122208
33122223
33134323
33144027
33144051
33173563
33204480
06313240
06313353
06313359
06313791
06366430
07095159
21014674
21014690
32028677
32038338
32038339
32038362
33004799
33004839
33006075
33008742
33009091
33009504
33009505
33009507
33009518
33009555
33009561
33009562
33009563
33009568
33009569
33009582
33013135
33013159
33019546
33019548
33033559
33036738
33047625
33049857
33053917
33054204
33054961
33055750
33056111
33058904
33068397
33069783
33070999
33079909
33115080
33116130
33118395
33118618
33118619
33118622
33122169
33122172
33122175
33122181
33122182
33122184
33122186
33122189
33122193
33122194
33122198
33122199
33122200
33122202
33122203
33122206
33122207
33122209
33122210
33122216
33122217
33122225
33122230
33122232
33122233
33122235
33122236
33122237
33122238
33122242
33122244
33122245
33122246
33122247
33122250
33122259
33122261
33122262
33122265
33122272
33122280
33122281
33122282
33122283
33122286
33122287
33122289
33134272
33137069
33137153
33139438
33140963
33142396
33143063
33144034
33144035
33144037
33144038
33144039
33144049
33144050
33144053
33144055
33144062
33144064
33144065
33144067
33144072
33144079
33144081
33144082
33152298
33160529
33160530
33160532
33160533
33160534
33165330
33166054
33166057
33166058
33166059
33166063
33166374
33173552
33173553
33173554
33173556
33173559
33173560
33173561
33173562
33173571
33173572
33173580
33173581
33173582
33173586
33174696
33175721
33175777
33175780
33189630
33122197
33122290
33035220
33043907
33122170
33144046
33173569
06313225
06366433
06366468
06366479
06368436
06552708
07095447
08014993
08016417
13044226
21011928
32005143
32006641
32014193
32028679
33001555
33002126
33002127
33002141
33004798
33005874
33005875
33005876
33005877
33005878
33005879
33005880
33005881
33006083
33008384
33009096
33009098
33009100
33009516
33009535
33009539
33009547
33009566
33009586
33009593
33012097
33013128
33013152
33013156
33013158
33013160
33013453
33013454
33016876
33018331
33019534
33019538
33020376
33029509
33029516
33032396
33033548
33034563
33034606
33034818
33034911
33034994
33035209
33036008
33047622
33049046
33049047
33049049
33049859
33049873
33053042
33053100
33053101
33053103
33053110
33053918
33057467
33059427
33065381
33067071
33068366
33071023
33079016
33079610
33081936
33087775
33108274
33108276
33112941
33113187
33113447
33113472
33113566
33114038
33114164
33114609
33114730
33114938
33115066
33115469
33115636
33115858
33116129
33116131
33116443
33116465
33116466
33116943
33117117
33117173
33117232
33117260
33117284
33117426
33117665
33118255
33118620
33118623
33118624
33118625
33118626
33119133
33119155
33119172
33119173
33119174
33119285
33119849
33119949
33119950
33119951
33120084
33120216
33120230
33120403
33120461
33120563
33120866
33121190
33121205
33122173
33122174
33122178
33122179
33122180
33122183
33122187
33122191
33122195
33122196
33122201
33122204
33122205
33122213
33122214
33122215
33122218
33122219
33122220
33122221
33122222
33122224
33122227
33122228
33122229
33122231
33122241
33122251
33122253
33122260
33122263
33122266
33122268
33122269
33122270
33122275
33122276
33122278
33122284
33122285
33122288
33122300
33132042
33134274
33134305
33137923
33137924
33138485
33138857
33138858
33138859
33138860
33138861
33138862
33139488
33139495
33139841
33141193
33141528
33141605
33141678
33142395
33142678
33142745
33143061
33143062
33143064
33143222
33143408
33144025
33144026
33144028
33144030
33144031
33144032
33144033
33144040
33144041
33144045
33144052
33144054
33144056
33144057
33144059
33144060
33144061
33144063
33144066
33144070
33144071
33144073
33144074
33144075
33144076
33144080
33144083
33144084
33144085
33144087
33149685
33150716
33160527
33160535
33160537
33160539
33160540
33165550
33165551
33165776
33165787
33166060
33166061
33166062
33166447
33167435
33167812
33168594
33170806
33170807
33170808
33170809
33170810
33171069
33171189
33171982
33172095
33172839
33173555
33173558
33173564
33173565
33173566
33173567
33173568
33173573
33173576
33173577
33173579
33173584
33173664
33175480
33175760
33175776
33175781
33184861
33184862
33189071
33189631
33196908
33197127
33197129
33198653
33204482
33204496
33204498
33206213
33207309
06313231
06313305
06313331
06313360
06552470
33118474
33132194
33157712
33168214
33022562
33035206
33035208
33053071
33053149
33058338
33066470
33117283
33117298
33122277
33160541
08015131
08015132
33001526
33006072
33006079
33009095
33009529
33009560
33013369
33013384
33019466
33019537
33034450
33034451
33034554
33034608
33034670
33034833
33034834
33047828
33049869
33062694
33066961
33067682
33072435
33082606
33098202
33113446
33113540
33113553
33113576
33114135
33114136
33114246
33114494
33114589
33115406
33115810
33115811
33115813
33115814
33116314
33117118
33117121
33118230
33118414
33118621
33119534
33119745
33119998
33120100
33120435
33121399
33121509
33122167
33122171
33122177
33122185
33122190
33122211
33122212
33122226
33122252
33122254
33122255
33122256
33122257
33122258
33122264
33122267
33122271
33122273
33122279
33132153
33137081
33139091
33139104
33139869
33140030
33140093
33140120
33140962
33141328
33141520
33142313
33143334
33143659
33144017
33144029
33144036
33144047
33144048
33144086
33144093
33152504
33159352
33166055
33166056
33170423
33171210
33172399
33173076
33173217
33173423
33173424
33173574
33173575
33173585
33174027
33204494
33204495
33205451
77000443
06313232
06313346
06366446
33059431
33059432
33064578
06311028
06312086
06312325
06312986
06313248
06313253
06313255
06313272
06313277
06313278
06313279
06313281
06313282
06313294
06313295
06313297
06313299
06313300
06313307
06313308
06313313
06313318
06313343
06313350
06313352
06313354
06313435
06313673
06315149
06366431
06366439
06366440
06366451
06366454
06366464
06368297
06388153
33008763
33067833
33117081
33121492
33165519
33170647
33172408
33009321
33009739
33020077
33020100
33046481
33049038
33062705
33064585
33067170
33094602
33113277
33113567
33114244
33115812
33115852
33120511
33120820
33121566
33121915
33122176
33122274
33133921
33138732
33140668
33142220
33143975
33144069
33160536
33160538
33167519
33173583
77007750
33119473
06313274
06313275
06313330
06313345
06313723
06325839
06366452
06366466
06398837
06552922
33059933
33059934
33059935
33065857
33065862
33065863
33112964
33117819
33117820
33151813
33173547
32029929
32042066
32042219
33009546
33016660
33048803
33048901
33049884
33053082
33053151
33053662
33059423
33068660
33091454
33091455
33091456
33091457
33091458
33112876
33115011
33115012
33115385
33120784
33122021
33122243
33122248
33122249
33144044
33150250
33152367
33065372
32013965
32014317
32019533
32020027
77000043
06313273
06313304
06325838
33121854
33122137
33122142
33122152
33122156
33164683
33172094
33207398
06313291
32006638
32006726
32013863
32026598
21020032
33034453
33062764
33091453
33091459
33120217
06312951
06366608
33114066
33115070
33117383
33117520
33118275
33171258
33059064
33059065
33065380
06303876
06513608
32030197
32030271
32044238
06313301
06366442
06398808
33122154
07110413
32004781
32005194
32005289
32010005
32011398
32014314
32015794
32020807
32030190
32030191
32030193
32030194
32030195
32030198
32030199
32032641
32034132
33122148
33068399
07109588
07110451
32000477
32030189
32030192
32037716
06312564
07109645
32043164
33053102
06313263
06313230
06313269
06313265
06313229
32016613
06313262
06313267
06313344
06325819
06366432
06366437
06366449
06313356
06366438
21012270
06325836
06313243
06313355
06366436
06313227
06313228
06366467
33059422
33160528
32013847
32013976
32015421
32029096
33095265
32015420
04501417
06313287
33046480
33160531
06313270
32016615
32016616
06313286
33066072
33095266
33117826
33181178
77006324
33122192
32030372
32030373
33206261
32017173
32030085
32044235
33158646
32030374
33065668
33116239
04505346
15040456
32015760
33048990
33049044
33144078
32022275
21014728
77000253
06313226
33048989
33071783
33048991
33066450
06313234
32035338
33122188
33144077
06313233
06313241
06313242
07095152
07095153
33019426
33122239
33122240
33144068
33173578
07114789
33068376
33076841
33122208
33122223
33134323
33144027
33144051
33173563
33204480
06313240
06313353
06313359
06313791
06366430
07095159
21014674
21014690
32028677
32038338
32038339
32038362
33004799
33004839
33006075
33008742
33009091
33009504
33009505
33009507
33009518
33009555
33009561
33009562
33009563
33009568
33009569
33009582
33013135
33013159
33019546
33019548
33033559
33036738
33047625
33049857
33053917
33054204
33054961
33055750
33056111
33058904
33068397
33069783
33070999
33079909
33115080
33116130
33118395
33118618
33118619
33118622
33122169
33122172
33122175
33122181
33122182
33122184
33122186
33122189
33122193
33122194
33122198
33122199
33122200
33122202
33122203
33122206
33122207
33122209
33122210
33122216
33122217
33122225
33122230
33122232
33122233
33122235
33122236
33122237
33122238
33122242
33122244
33122245
33122246
33122247
33122250
33122259
33122261
33122262
33122265
33122272
33122280
33122281
33122282
33122283
33122286
33122287
33122289
33134272
33137069
33137153
33139438
33140963
33142396
33143063
33144034
33144035
33144037
33144038
33144039
33144049
33144050
33144053
33144055
33144062
33144064
33144065
33144067
33144072
33144079
33144081
33144082
33152298
33160529
33160530
33160532
33160533
33160534
33165330
33166054
33166057
33166058
33166059
33166063
33166374
33173552
33173553
33173554
33173556
33173559
33173560
33173561
33173562
33173571
33173572
33173580
33173581
33173582
33173586
33174696
33175721
33175777
33175780
33189630
33122197
33122290
33035220
33043907
33122170
33144046
33173569
06313225
06366433
06366468
06366479
06368436
06552708
07095447
08014993
08016417
13044226
21011928
32005143
32006641
32014193
32028679
33001555
33002126
33002127
33002141
33004798
33005874
33005875
33005876
33005877
33005878
33005879
33005880
33005881
33006083
33008384
33009096
33009098
33009100
33009516
33009535
33009539
33009547
33009566
33009586
33009593
33012097
33013128
33013152
33013156
33013158
33013160
33013453
33013454
33016876
33018331
33019534
33019538
33020376
33029509
33029516
33032396
33033548
33034563
33034606
33034818
33034911
33034994
33035209
33036008
33047622
33049046
33049047
33049049
33049859
33049873
33053042
33053100
33053101
33053103
33053110
33053918
33057467
33059427
33065381
33067071
33068366
33071023
33079016
33079610
33081936
33087775
33108274
33108276
33112941
33113187
33113447
33113472
33113566
33114038
33114164
33114609
33114730
33114938
33115066
33115469
33115636
33115858
33116129
33116131
33116443
33116465
33116466
33116943
33117117
33117173
33117232
33117260
33117284
33117426
33117665
33118255
33118620
33118623
33118624
33118625
33118626
33119133
33119155
33119172
33119173
33119174
33119285
33119849
33119949
33119950
33119951
33120084
33120216
33120230
33120403
33120461
33120563
33120866
33121190
33121205
33122173
33122174
33122178
33122179
33122180
33122183
33122187
33122191
33122195
33122196
33122201
33122204
33122205
33122213
33122214
33122215
33122218
33122219
33122220
33122221
33122222
33122224
33122227
33122228
33122229
33122231
33122241
33122251
33122253
33122260
33122263
33122266
33122268
33122269
33122270
33122275
33122276
33122278
33122284
33122285
33122288
33122300
33132042
33134274
33134305
33137923
33137924
33138485
33138857
33138858
33138859
33138860
33138861
33138862
33139488
33139495
33139841
33141193
33141528
33141605
33141678
33142395
33142678
33142745
33143061
33143062
33143064
33143222
33143408
33144025
33144026
33144028
33144030
33144031
33144032
33144033
33144040
33144041
33144045
33144052
33144054
33144056
33144057
33144059
33144060
33144061
33144063
33144066
33144070
33144071
33144073
33144074
33144075
33144076
33144080
33144083
33144084
33144085
33144087
33149685
33150716
33160527
33160535
33160537
33160539
33160540
33165550
33165551
33165776
33165787
33166060
33166061
33166062
33166447
33167435
33167812
33168594
33170806
33170807
33170808
33170809
33170810
33171069
33171189
33171982
33172095
33172839
33173555
33173558
33173564
33173565
33173566
33173567
33173568
33173573
33173576
33173577
33173579
33173584
33173664
33175480
33175760
33175776
33175781
33184861
33184862
33189071
33189631
33196908
33197127
33197129
33198653
33204482
33204496
33204498
33206213
33207309
06313231
06313305
06313331
06313360
06552470
33118474
33132194
33157712
33168214
33022562
33035206
33035208
33053071
33053149
33058338
33066470
33117283
33117298
33122277
33160541
08015131
08015132
33001526
33006072
33006079
33009095
33009529
33009560
33013369
33013384
33019466
33019537
33034450
33034451
33034554
33034608
33034670
33034833
33034834
33047828
33049869
33062694
33066961
33067682
33072435
33082606
33098202
33113446
33113540
33113553
33113576
33114135
33114136
33114246
33114494
33114589
33115406
33115810
33115811
33115813
33115814
33116314
33117118
33117121
33118230
33118414
33118621
33119534
33119745
33119998
33120100
33120435
33121399
33121509
33122167
33122171
33122177
33122185
33122190
33122211
33122212
33122226
33122252
33122254
33122255
33122256
33122257
33122258
33122264
33122267
33122271
33122273
33122279
33132153
33137081
33139091
33139104
33139869
33140030
33140093
33140120
33140962
33141328
33141520
33142313
33143334
33143659
33144017
33144029
33144036
33144047
33144048
33144086
33144093
33152504
33159352
33166055
33166056
33170423
33171210
33172399
33173076
33173217
33173423
33173424
33173574
33173575
33173585
33174027
33204494
33204495
33205451
77000443
06313232
06313346
06366446
33059431
33059432
33064578
06311028
06312086
06312325
06312986
06313248
06313253
06313255
06313272
06313277
06313278
06313279
06313281
06313282
06313294
06313295
06313297
06313299
06313300
06313307
06313308
06313313
06313318
06313343
06313350
06313352
06313354
06313435
06313673
06315149
06366431
06366439
06366440
06366451
06366454
06366464
06368297
06388153
33008763
33067833
33117081
33121492
33165519
33170647
33172408
33009321
33009739
33020077
33020100
33046481
33049038
33062705
33064585
33067170
33094602
33113277
33113567
33114244
33115812
33115852
33120511
33120820
33121566
33121915
33122176
33122274
33133921
33138732
33140668
33142220
33143975
33144069
33160536
33160538
33167519
33173583
77007750
33119473
06313274
06313275
06313330
06313345
06313723
06325839
06366452
06366466
06398837
06552922
33059933
33059934
33059935
33065857
33065862
33065863
33112964
33117819
33117820
33151813
33173547
32029929
32042066
32042219
33009546
33016660
33048803
33048901
33049884
33053082
33053151
33053662
33059423
33068660
33091454
33091455
33091456
33091457
33091458
33112876
33115011
33115012
33115385
33120784
33122021
33122243
33122248
33122249
33144044
33150250
33152367
33065372
32013965
32014317
32019533
32020027
77000043
06313273
06313304
06325838
33121854
33122137
33122142
33122152
33122156
33164683
33172094
33207398
06313291
32006638
32006726
32013863
32026598
21020032
33034453
33062764
33091453
33091459
33120217
06312951
06366608
33114066
33115070
33117383
33117520
33118275
33171258
33059064
33059065
33065380
06303876
06513608
32030197
32030271
32044238
06313301
06366442
06398808
33122154
07110413
32004781
32005194
32005289
32010005
32011398
32014314
32015794
32020807
32030190
32030191
32030193
32030194
32030195
32030198
32030199
32032641
32034132
33122148
33068399
07109588
07110451
32000477
32030189
32030192
32037716
06312564
07109645
32043164
33053102
06313263
06313230
06313269
06313265
06313229
32016613
06313262
06313267
06313344
06325819
06366432
06366437
06366449
06313356
06366438
21012270
06325836
06313243
06313355
06366436
06313227
06313228
06366467
33059422
33160528
32013847
32013976
32015421
32029096
33095265
32015420
04501417
06313287
33046480
33160531
06313270
32016615
32016616
06313286
33066072
33095266
33117826
33181178
77006324
33122192
32030372
32030373
33206261
32017173
32030085
32044235
33158646
32030374
33065668
33116239
04505346
15040456
32015760
33048990
33049044
33144078
32022275
21014728
77000253
06313226
33048989
33071783
33048991
33066450
06313234
32035338
33122188
33144077
06313233
06313241
06313242
07095152
07095153
33019426
33122239
33122240
33144068
33173578
07114789
33068376
33076841
33122208
33122223
33134323
33144027
33144051
33173563
33204480
06313240
06313353
06313359
06313791
06366430
07095159
21014674
21014690
32028677
32038338
32038339
32038362
33004799
33004839
33006075
33008742
33009091
33009504
33009505
33009507
33009518
33009555
33009561
33009562
33009563
33009568
33009569
33009582
33013135
33013159
33019546
33019548
33033559
33036738
33047625
33049857
33053917
33054204
33054961
33055750
33056111
33058904
33068397
33069783
33070999
33079909
33115080
33116130
33118395
33118618
33118619
33118622
33122169
33122172
33122175
33122181
33122182
33122184
33122186
33122189
33122193
33122194
33122198
33122199
33122200
33122202
33122203
33122206
33122207
33122209
33122210
33122216
33122217
33122225
33122230
33122232
33122233
33122235
33122236
33122237
33122238
33122242
33122244
33122245
33122246
33122247
33122250
33122259
33122261
33122262
33122265
33122272
33122280
33122281
33122282
33122283
33122286
33122287
33122289
33134272
33137069
33137153
33139438
33140963
33142396
33143063
33144034
33144035
33144037
33144038
33144039
33144049
33144050
33144053
33144055
33144062
33144064
33144065
33144067
33144072
33144079
33144081
33144082
33152298
33160529
33160530
33160532
33160533
33160534
33165330
33166054
33166057
33166058
33166059
33166063
33166374
33173552
33173553
33173554
33173556
33173559
33173560
33173561
33173562
33173571
33173572
33173580
33173581
33173582
33173586
33174696
33175721
33175777
33175780
33189630
33122197
33122290
33035220
33043907
33122170
33144046
33173569
06313225
06366433
06366468
06366479
06368436
06552708
07095447
08014993
08016417
13044226
21011928
32005143
32006641
32014193
32028679
33001555
33002126
33002127
33002141
33004798
33005874
33005875
33005876
33005877
33005878
33005879
33005880
33005881
33006083
33008384
33009096
33009098
33009100
33009516
33009535
33009539
33009547
33009566
33009586
33009593
33012097
33013128
33013152
33013156
33013158
33013160
33013453
33013454
33016876
33018331
33019534
33019538
33020376
33029509
33029516
33032396
33033548
33034563
33034606
33034818
33034911
33034994
33035209
33036008
33047622
33049046
33049047
33049049
33049859
33049873
33053042
33053100
33053101
33053103
33053110
33053918
33057467
33059427
33065381
33067071
33068366
33071023
33079016
33079610
33081936
33087775
33108274
33108276
33112941
33113187
33113447
33113472
33113566
33114038
33114164
33114609
33114730
33114938
33115066
33115469
33115636
33115858
33116129
33116131
33116443
33116465
33116466
33116943
33117117
33117173
33117232
33117260
33117284
33117426
33117665
33118255
33118620
33118623
33118624
33118625
33118626
33119133
33119155
33119172
33119173
33119174
33119285
33119849
33119949
33119950
33119951
33120084
33120216
33120230
33120403
33120461
33120563
33120866
33121190
33121205
33122173
33122174
33122178
33122179
33122180
33122183
33122187
33122191
33122195
33122196
33122201
33122204
33122205
33122213
33122214
33122215
33122218
33122219
33122220
33122221
33122222
33122224
33122227
33122228
33122229
33122231
33122241
33122251
33122253
33122260
33122263
33122266
33122268
33122269
33122270
33122275
33122276
33122278
33122284
33122285
33122288
33122300
33132042
33134274
33134305
33137923
33137924
33138485
33138857
33138858
33138859
33138860
33138861
33138862
33139488
33139495
33139841
33141193
33141528
33141605
33141678
33142395
33142678
33142745
33143061
33143062
33143064
33143222
33143408
33144025
33144026
33144028
33144030
33144031
33144032
33144033
33144040
33144041
33144045
33144052
33144054
33144056
33144057
33144059
33144060
33144061
33144063
33144066
33144070
33144071
33144073
33144074
33144075
33144076
33144080
33144083
33144084
33144085
33144087
33149685
33150716
33160527
33160535
33160537
33160539
33160540
33165550
33165551
33165776
33165787
33166060
33166061
33166062
33166447
33167435
33167812
33168594
33170806
33170807
33170808
33170809
33170810
33171069
33171189
33171982
33172095
33172839
33173555
33173558
33173564
33173565
33173566
33173567
33173568
33173573
33173576
33173577
33173579
33173584
33173664
33175480
33175760
33175776
33175781
33184861
33184862
33189071
33189631
33196908
33197127
33197129
33198653
33204482
33204496
33204498
33206213
33207309
06313231
06313305
06313331
06313360
06552470
33118474
33132194
33157712
33168214
33022562
33035206
33035208
33053071
33053149
33058338
33066470
33117283
33117298
33122277
33160541
08015131
08015132
33001526
33006072
33006079
33009095
33009529
33009560
33013369
33013384
33019466
33019537
33034450
33034451
33034554
33034608
33034670
33034833
33034834
33047828
33049869
33062694
33066961
33067682
33072435
33082606
33098202
33113446
33113540
33113553
33113576
33114135
33114136
33114246
33114494
33114589
33115406
33115810
33115811
33115813
33115814
33116314
33117118
33117121
33118230
33118414
33118621
33119534
33119745
33119998
33120100
33120435
33121399
33121509
33122167
33122171
33122177
33122185
33122190
33122211
33122212
33122226
33122252
33122254
33122255
33122256
33122257
33122258
33122264
33122267
33122271
33122273
33122279
33132153
33137081
33139091
33139104
33139869
33140030
33140093
33140120
33140962
33141328
33141520
33142313
33143334
33143659
33144017
33144029
33144036
33144047
33144048
33144086
33144093
33152504
33159352
33166055
33166056
33170423
33171210
33172399
33173076
33173217
33173423
33173424
33173574
33173575
33173585
33174027
33204494
33204495
33205451
77000443
06313232
06313346
06366446
33059431
33059432
33064578
06311028
06312086
06312325
06312986
06313248
06313253
06313255
06313272
06313277
06313278
06313279
06313281
06313282
06313294
06313295
06313297
06313299
06313300
06313307
06313308
06313313
06313318
06313343
06313350
06313352
06313354
06313435
06313673
06315149
06366431
06366439
06366440
06366451
06366454
06366464
06368297
06388153
33008763
33067833
33117081
33121492
33165519
33170647
33172408
33009321
33009739
33020077
33020100
33046481
33049038
33062705
33064585
33067170
33094602
33113277
33113567
33114244
33115812
33115852
33120511
33120820
33121566
33121915
33122176
33122274
33133921
33138732
33140668
33142220
33143975
33144069
33160536
33160538
33167519
33173583
77007750
33119473
06313274
06313275
06313330
06313345
06313723
06325839
06366452
06366466
06398837
06552922
33059933
33059934
33059935
33065857
33065862
33065863
33112964
33117819
33117820
33151813
33173547
32029929
32042066
32042219
33009546
33016660
33048803
33048901
33049884
33053082
33053151
33053662
33059423
33068660
33091454
33091455
33091456
33091457
33091458
33112876
33115011
33115012
33115385
33120784
33122021
33122243
33122248
33122249
33144044
33150250
33152367
33065372
32013965
32014317
32019533
32020027
77000043
06313273
06313304
06325838
33121854
33122137
33122142
33122152
33122156
33164683
33172094
33207398
06313291
32006638
32006726
32013863
32026598
21020032
33034453
33062764
33091453
33091459
33120217
06312951
06366608
33114066
33115070
33117383
33117520
33118275
33171258
33059064
33059065
33065380
06303876
06513608
32030197
32030271
32044238
06313301
06366442
06398808
33122154
07110413
32004781
32005194
32005289
32010005
32011398
32014314
32015794
32020807
32030190
32030191
32030193
32030194
32030195
32030198
32030199
32032641
32034132
33122148
33068399
07109588
07110451
32000477
32030189
32030192
32037716
06312564
07109645
32043164
33053102
06313263
06313230
06313269
06313265
06313229
32016613
06313262
06313267
06313344
06325819
06366432
06366437
06366449
06313356
06366438
21012270
06325836
06313243
06313355
06366436
06313227
06313228
06366467
33059422
33160528
32013847
32013976
32015421
32029096
33095265
32015420
04501417
06313287
33046480
33160531
06313270
32016615
32016616
06313286
33066072
33095266
33117826
33181178
77006324
33122192
32030372
32030373
33206261
32017173
32030085
32044235
33158646
32030374
33065668
33116239
04505346
15040456
32015760
33048990
33049044
33144078
32022275
21014728
77000253
06313226
33048989
33071783
33048991
33066450
06313234
32035338
33122188
33144077
06313233
06313241
06313242
07095152
07095153
33019426
33122239
33122240
33144068
33173578
07114789
33068376
33076841
33122208
33122223
33134323
33144027
33144051
33173563
33204480
06313240
06313353
06313359
06313791
06366430
07095159
21014674
21014690
32028677
32038338
32038339
32038362
33004799
33004839
33006075
33008742
33009091
33009504
33009505
33009507
33009518
33009555
33009561
33009562
33009563
33009568
33009569
33009582
33013135
33013159
33019546
33019548
33033559
33036738
33047625
33049857
33053917
33054204
33054961
33055750
33056111
33058904
33068397
33069783
33070999
33079909
33115080
33116130
33118395
33118618
33118619
33118622
33122169
33122172
33122175
33122181
33122182
33122184
33122186
33122189
33122193
33122194
33122198
33122199
33122200
33122202
33122203
33122206
33122207
33122209
33122210
33122216
33122217
33122225
33122230
33122232
33122233
33122235
33122236
33122237
33122238
33122242
33122244
33122245
33122246
33122247
33122250
33122259
33122261
33122262
33122265
33122272
33122280
33122281
33122282
33122283
33122286
33122287
33122289
33134272
33137069
33137153
33139438
33140963
33142396
33143063
33144034
33144035
33144037
33144038
33144039
33144049
33144050
33144053
33144055
33144062
33144064
33144065
33144067
33144072
33144079
33144081
33144082
33152298
33160529
33160530
33160532
33160533
33160534
33165330
33166054
33166057
33166058
33166059
33166063
33166374
33173552
33173553
33173554
33173556
33173559
33173560
33173561
33173562
33173571
33173572
33173580
33173581
33173582
33173586
33174696
33175721
33175777
33175780
33189630
33122197
33122290
33035220
33043907
33122170
33144046
33173569
06313225
06366433
06366468
06366479
06368436
06552708
07095447
08014993
08016417
13044226
21011928
32005143
32006641
32014193
32028679
33001555
33002126
33002127
33002141
33004798
33005874
33005875
33005876
33005877
33005878
33005879
33005880
33005881
33006083
33008384
33009096
33009098
33009100
33009516
33009535
33009539
33009547
33009566
33009586
33009593
33012097
33013128
33013152
33013156
33013158
33013160
33013453
33013454
33016876
33018331
33019534
33019538
33020376
33029509
33029516
33032396
33033548
33034563
33034606
33034818
33034911
33034994
33035209
33036008
33047622
33049046
33049047
33049049
33049859
33049873
33053042
33053100
33053101
33053103
33053110
33053918
33057467
33059427
33065381
33067071
33068366
33071023
33079016
33079610
33081936
33087775
33108274
33108276
33112941
33113187
33113447
33113472
33113566
33114038
33114164
33114609
33114730
33114938
33115066
33115469
33115636
33115858
33116129
33116131
33116443
33116465
33116466
33116943
33117117
33117173
33117232
33117260
33117284
33117426
33117665
33118255
33118620
33118623
33118624
33118625
33118626
33119133
33119155
33119172
33119173
33119174
33119285
33119849
33119949
33119950
33119951
33120084
33120216
33120230
33120403
33120461
33120563
33120866
33121190
33121205
33122173
33122174
33122178
33122179
33122180
33122183
33122187
33122191
33122195
33122196
33122201
33122204
33122205
33122213
33122214
33122215
33122218
33122219
33122220
33122221
33122222
33122224
33122227
33122228
33122229
33122231
33122241
33122251
33122253
33122260
33122263
33122266
33122268
33122269
33122270
33122275
33122276
33122278
33122284
33122285
33122288
33122300
33132042
33134274
33134305
33137923
33137924
33138485
33138857
33138858
33138859
33138860
33138861
33138862
33139488
33139495
33139841
33141193
33141528
33141605
33141678
33142395
33142678
33142745
33143061
33143062
33143064
33143222
33143408
33144025
33144026
33144028
33144030
33144031
33144032
33144033
33144040
33144041
33144045
33144052
33144054
33144056
33144057
33144059
33144060
33144061
33144063
33144066
33144070
33144071
33144073
33144074
33144075
33144076
33144080
33144083
33144084
33144085
33144087
33149685
33150716
33160527
33160535
33160537
33160539
33160540
33165550
33165551
33165776
33165787
33166060
33166061
33166062
33166447
33167435
33167812
33168594
33170806
33170807
33170808
33170809
33170810
33171069
33171189
33171982
33172095
33172839
33173555
33173558
33173564
33173565
33173566
33173567
33173568
33173573
33173576
33173577
33173579
33173584
33173664
33175480
33175760
33175776
33175781
33184861
33184862
33189071
33189631
33196908
33197127
33197129
33198653
33204482
33204496
33204498
33206213
33207309
06313231
06313305
06313331
06313360
06552470
33118474
33132194
33157712
33168214
33022562
33035206
33035208
33053071
33053149
33058338
33066470
33117283
33117298
33122277
33160541
08015131
08015132
33001526
33006072
33006079
33009095
33009529
33009560
33013369
33013384
33019466
33019537
33034450
33034451
33034554
33034608
33034670
33034833
33034834
33047828
33049869
33062694
33066961
33067682
33072435
33082606
33098202
33113446
33113540
33113553
33113576
33114135
33114136
33114246
33114494
33114589
33115406
33115810
33115811
33115813
33115814
33116314
33117118
33117121
33118230
33118414
33118621
33119534
33119745
33119998
33120100
33120435
33121399
33121509
33122167
33122171
33122177
33122185
33122190
33122211
33122212
33122226
33122252
33122254
33122255
33122256
33122257
33122258
33122264
33122267
33122271
33122273
33122279
33132153
33137081
33139091
33139104
33139869
33140030
33140093
33140120
33140962
33141328
33141520
33142313
33143334
33143659
33144017
33144029
33144036
33144047
33144048
33144086
33144093
33152504
33159352
33166055
33166056
33170423
33171210
33172399
33173076
33173217
33173423
33173424
33173574
33173575
33173585
33174027
33204494
33204495
33205451
77000443
06313232
06313346
06366446
33059431
33059432
33064578
06311028
06312086
06312325
06312986
06313248
06313253
06313255
06313272
06313277
06313278
06313279
06313281
06313282
06313294
06313295
06313297
06313299
06313300
06313307
06313308
06313313
06313318
06313343
06313350
06313352
06313354
06313435
06313673
06315149
06366431
06366439
06366440
06366451
06366454
06366464
06368297
06388153
33008763
33067833
33117081
33121492
33165519
33170647
33172408
33009321
33009739
33020077
33020100
33046481
33049038
33062705
33064585
33067170
33094602
33113277
33113567
33114244
33115812
33115852
33120511
33120820
33121566
33121915
33122176
33122274
33133921
33138732
33140668
33142220
33143975
33144069
33160536
33160538
33167519
33173583
77007750
33119473
06313274
06313275
06313330
06313345
06313723
06325839
06366452
06366466
06398837
06552922
33059933
33059934
33059935
33065857
33065862
33065863
33112964
33117819
33117820
33151813
33173547
32029929
32042066
32042219
33009546
33016660
33048803
33048901
33049884
33053082
33053151
33053662
33059423
33068660
33091454
33091455
33091456
33091457
33091458
33112876
33115011
33115012
33115385
33120784
33122021
33122243
33122248
33122249
33144044
33150250
33152367
33065372
32013965
32014317
32019533
32020027
77000043
06313273
06313304
06325838
33121854
33122137
33122142
33122152
33122156
33164683
33172094
33207398
06313291
32006638
32006726
32013863
32026598
21020032
33034453
33062764
33091453
33091459
33120217
06312951
06366608
33114066
33115070
33117383
33117520
33118275
33171258
33059064
33059065
33065380
06303876
06513608
32030197
32030271
32044238
06313301
06366442
06398808
33122154
07110413
32004781
32005194
32005289
32010005
32011398
32014314
32015794
32020807
32030190
32030191
32030193
32030194
32030195
32030198
32030199
32032641
32034132
33122148
33068399
07109588
07110451
32000477
32030189
32030192
32037716
06312564
07109645
32043164
33053102
06313263
06313230
06313269
06313265
06313229
32016613
06313262
06313267
06313344
06325819
06366432
06366437
06366449
06313356
06366438
21012270
06325836
06313243
06313355
06366436
06313227
06313228
06366467
33059422
33160528
32013847
32013976
32015421
32029096
33095265
32015420
04501417
06313287
33046480
33160531
06313270
32016615
32016616
06313286
33066072
33095266
33117826
33181178
77006324
33122192
32030372
32030373
33206261
32017173
32030085
32044235
33158646
32030374
33065668
33116239
04505346
15040456
32015760
33048990
33049044
33144078
32022275
21014728
77000253
06313226
33048989
33071783
33048991
33066450
06313234
32035338
33122188
33144077
06313233
06313241
06313242
07095152
07095153
33019426
33122239
33122240
33144068
33173578
07114789
33068376
33076841
33122208
33122223
33134323
33144027
33144051
33173563
33204480
06313240
06313353
06313359
06313791
06366430
07095159
21014674
21014690
32028677
32038338
32038339
32038362
33004799
33004839
33006075
33008742
33009091
33009504
33009505
33009507
33009518
33009555
33009561
33009562
33009563
33009568
33009569
33009582
33013135
33013159
33019546
33019548
33033559
33036738
33047625
33049857
33053917
33054204
33054961
33055750
33056111
33058904
33068397
33069783
33070999
33079909
33115080
33116130
33118395
33118618
33118619
33118622
33122169
33122172
33122175
33122181
33122182
33122184
33122186
33122189
33122193
33122194
33122198
33122199
33122200
33122202
33122203
33122206
33122207
33122209
33122210
33122216
33122217
33122225
33122230
33122232
33122233
33122235
33122236
33122237
33122238
33122242
33122244
33122245
33122246
33122247
33122250
33122259
33122261
33122262
33122265
33122272
33122280
33122281
33122282
33122283
33122286
33122287
33122289
33134272
33137069
33137153
33139438
33140963
33142396
33143063
33144034
33144035
33144037
33144038
33144039
33144049
33144050
33144053
33144055
33144062
33144064
33144065
33144067
33144072
33144079
33144081
33144082
33152298
33160529
33160530
33160532
33160533
33160534
33165330
33166054
33166057
33166058
33166059
33166063
33166374
33173552
33173553
33173554
33173556
33173559
33173560
33173561
33173562
33173571
33173572
33173580
33173581
33173582
33173586
33174696
33175721
33175777
33175780
33189630
33122197
33122290
33035220
33043907
33122170
33144046
33173569
06313225
06366433
06366468
06366479
06368436
06552708
07095447
08014993
08016417
13044226
21011928
32005143
32006641
32014193
32028679
33001555
33002126
33002127
33002141
33004798
33005874
33005875
33005876
33005877
33005878
33005879
33005880
33005881
33006083
33008384
33009096
33009098
33009100
33009516
33009535
33009539
33009547
33009566
33009586
33009593
33012097
33013128
33013152
33013156
33013158
33013160
33013453
33013454
33016876
33018331
33019534
33019538
33020376
33029509
33029516
33032396
33033548
33034563
33034606
33034818
33034911
33034994
33035209
33036008
33047622
33049046
33049047
33049049
33049859
33049873
33053042
33053100
33053101
33053103
33053110
33053918
33057467
33059427
33065381
33067071
33068366
33071023
33079016
33079610
33081936
33087775
33108274
33108276
33112941
33113187
33113447
33113472
33113566
33114038
33114164
33114609
33114730
33114938
33115066
33115469
33115636
33115858
33116129
33116131
33116443
33116465
33116466
33116943
33117117
33117173
33117232
33117260
33117284
33117426
33117665
33118255
33118620
33118623
33118624
33118625
33118626
33119133
33119155
33119172
33119173
33119174
33119285
33119849
33119949
33119950
33119951
33120084
33120216
33120230
33120403
33120461
33120563
33120866
33121190
33121205
33122173
33122174
33122178
33122179
33122180
33122183
33122187
33122191
33122195
33122196
33122201
33122204
33122205
33122213
33122214
33122215
33122218
33122219
33122220
33122221
33122222
33122224
33122227
33122228
33122229
33122231
33122241
33122251
33122253
33122260
33122263
33122266
33122268
33122269
33122270
33122275
33122276
33122278
33122284
33122285
33122288
33122300
33132042
33134274
33134305
33137923
33137924
33138485
33138857
33138858
33138859
33138860
33138861
33138862
33139488
33139495
33139841
33141193
33141528
33141605
33141678
33142395
33142678
33142745
33143061
33143062
33143064
33143222
33143408
33144025
33144026
33144028
33144030
33144031
33144032
33144033
33144040
33144041
33144045
33144052
33144054
33144056
33144057
33144059
33144060
33144061
33144063
33144066
33144070
33144071
33144073
33144074
33144075
33144076
33144080
33144083
33144084
33144085
33144087
33149685
33150716
33160527
33160535
33160537
33160539
33160540
33165550
33165551
33165776
33165787
33166060
33166061
33166062
33166447
33167435
33167812
33168594
33170806
33170807
33170808
33170809
33170810
33171069
33171189
33171982
33172095
33172839
33173555
33173558
33173564
33173565
33173566
33173567
33173568
33173573
33173576
33173577
33173579
33173584
33173664
33175480
33175760
33175776
33175781
33184861
33184862
33189071
33189631
33196908
33197127
33197129
33198653
33204482
33204496
33204498
33206213
33207309
06313231
06313305
06313331
06313360
06552470
33118474
33132194
33157712
33168214
33022562
33035206
33035208
33053071
33053149
33058338
33066470
33117283
33117298
33122277
33160541
08015131
08015132
33001526
33006072
33006079
33009095
33009529
33009560
33013369
33013384
33019466
33019537
33034450
33034451
33034554
33034608
33034670
33034833
33034834
33047828
33049869
33062694
33066961
33067682
33072435
33082606
33098202
33113446
33113540
33113553
33113576
33114135
33114136
33114246
33114494
33114589
33115406
33115810
33115811
33115813
33115814
33116314
33117118
33117121
33118230
33118414
33118621
33119534
33119745
33119998
33120100
33120435
33121399
33121509
33122167
33122171
33122177
33122185
33122190
33122211
33122212
33122226
33122252
33122254
33122255
33122256
33122257
33122258
33122264
33122267
33122271
33122273
33122279
33132153
33137081
33139091
33139104
33139869
33140030
33140093
33140120
33140962
33141328
33141520
33142313
33143334
33143659
33144017
33144029
33144036
33144047
33144048
33144086
33144093
33152504
33159352
33166055
33166056
33170423
33171210
33172399
33173076
33173217
33173423
33173424
33173574
33173575
33173585
33174027
33204494
33204495
33205451
77000443
06313232
06313346
06366446
33059431
33059432
33064578
06311028
06312086
06312325
06312986
06313248
06313253
06313255
06313272
06313277
06313278
06313279
06313281
06313282
06313294
06313295
06313297
06313299
06313300
06313307
06313308
06313313
06313318
06313343
06313350
06313352
06313354
06313435
06313673
06315149
06366431
06366439
06366440
06366451
06366454
06366464
06368297
06388153
33008763
33067833
33117081
33121492
33165519
33170647
33172408
33009321
33009739
33020077
33020100
33046481
33049038
33062705
33064585
33067170
33094602
33113277
33113567
33114244
33115812
33115852
33120511
33120820
33121566
33121915
33122176
33122274
33133921
33138732
33140668
33142220
33143975
33144069
33160536
33160538
33167519
33173583
77007750
33119473
06313274
06313275
06313330
06313345
06313723
06325839
06366452
06366466
06398837
06552922
33059933
33059934
33059935
33065857
33065862
33065863
33112964
33117819
33117820
33151813
33173547
32029929
32042066
32042219
33009546
33016660
33048803
33048901
33049884
33053082
33053151
33053662
33059423
33068660
33091454
33091455
33091456
33091457
33091458
33112876
33115011
33115012
33115385
33120784
33122021
33122243
33122248
33122249
33144044
33150250
33152367
33065372
32013965
32014317
32019533
32020027
77000043
06313273
06313304
06325838
33121854
33122137
33122142
33122152
33122156
33164683
33172094
33207398
06313291
32006638
32006726
32013863
32026598
21020032
33034453
33062764
33091453
33091459
33120217
06312951
06366608
33114066
33115070
33117383
33117520
33118275
33171258
33059064
33059065
33065380
06303876
06513608
32030197
32030271
32044238
06313301
06366442
06398808
33122154
07110413
32004781
32005194
32005289
32010005
32011398
32014314
32015794
32020807
32030190
32030191
32030193
32030194
32030195
32030198
32030199
32032641
32034132
33122148
33068399
07109588
07110451
32000477
32030189
32030192
32037716
06312564
07109645
32043164
33053102
06313263
06313230
06313269
06313265
06313229
32016613
06313262
06313267
06313344
06325819
06366432
06366437
06366449
06313356
06366438
21012270
06325836
06313243
06313355
06366436
06313227
06313228
06366467
33059422
33160528
32013847
32013976
32015421
32029096
33095265
32015420
04501417
06313287
33046480
33160531
06313270
32016615
32016616
06313286
33066072
33095266
33117826
33181178
77006324
33122192
32030372
32030373
33206261
32017173
32030085
32044235
33158646
32030374
33065668
33116239
04505346
15040456
32015760
33048990
33049044
33144078
32022275
21014728
77000253
06313226
33048989
33071783
33048991
33066450
06313234
32035338
33122188
33144077
06313233
06313241
06313242
07095152
07095153
33019426
33122239
33122240
33144068
33173578
07114789
33068376
33076841
33122208
33122223
33134323
33144027
33144051
33173563
33204480
06313240
06313353
06313359
06313791
06366430
07095159
21014674
21014690
32028677
32038338
32038339
32038362
33004799
33004839
33006075
33008742
33009091
33009504
33009505
33009507
33009518
33009555
33009561
33009562
33009563
33009568
33009569
33009582
33013135
33013159
33019546
33019548
33033559
33036738
33047625
33049857
33053917
33054204
33054961
33055750
33056111
33058904
33068397
33069783
33070999
33079909
33115080
33116130
33118395
33118618
33118619
33118622
33122169
33122172
33122175
33122181
33122182
33122184
33122186
33122189
33122193
33122194
33122198
33122199
33122200
33122202
33122203
33122206
33122207
33122209
33122210
33122216
33122217
33122225
33122230
33122232
33122233
33122235
33122236
33122237
33122238
33122242
33122244
33122245
33122246
33122247
33122250
33122259
33122261
33122262
33122265
33122272
33122280
33122281
33122282
33122283
33122286
33122287
33122289
33134272
33137069
33137153
33139438
33140963
33142396
33143063
33144034
33144035
33144037
33144038
33144039
33144049
33144050
33144053
33144055
33144062
33144064
33144065
33144067
33144072
33144079
33144081
33144082
33152298
33160529
33160530
33160532
33160533
33160534
33165330
33166054
33166057
33166058
33166059
33166063
33166374
33173552
33173553
33173554
33173556
33173559
33173560
33173561
33173562
33173571
33173572
33173580
33173581
33173582
33173586
33174696
33175721
33175777
33175780
33189630
33122197
33122290
33035220
33043907
33122170
33144046
33173569
06313225
06366433
06366468
06366479
06368436
06552708
07095447
08014993
08016417
13044226
21011928
32005143
32006641
32014193
32028679
33001555
33002126
33002127
33002141
33004798
33005874
33005875
33005876
33005877
33005878
33005879
33005880
33005881
33006083
33008384
33009096
33009098
33009100
33009516
33009535
33009539
33009547
33009566
33009586
33009593
33012097
33013128
33013152
33013156
33013158
33013160
33013453
33013454
33016876
33018331
33019534
33019538
33020376
33029509
33029516
33032396
33033548
33034563
33034606
33034818
33034911
33034994
33035209
33036008
33047622
33049046
33049047
33049049
33049859
33049873
33053042
33053100
33053101
33053103
33053110
33053918
33057467
33059427
33065381
33067071
33068366
33071023
33079016
33079610
33081936
33087775
33108274
33108276
33112941
33113187
33113447
33113472
33113566
33114038
33114164
33114609
33114730
33114938
33115066
33115469
33115636
33115858
33116129
33116131
33116443
33116465
33116466
33116943
33117117
33117173
33117232
33117260
33117284
33117426
33117665
33118255
33118620
33118623
33118624
33118625
33118626
33119133
33119155
33119172
33119173
33119174
33119285
33119849
33119949
33119950
33119951
33120084
33120216
33120230
33120403
33120461
33120563
33120866
33121190
33121205
33122173
33122174
33122178
33122179
33122180
33122183
33122187
33122191
33122195
33122196
33122201
33122204
33122205
33122213
33122214
33122215
33122218
33122219
33122220
33122221
33122222
33122224
33122227
33122228
33122229
33122231
33122241
33122251
33122253
33122260
33122263
33122266
33122268
33122269
33122270
33122275
33122276
33122278
33122284
33122285
33122288
33122300
33132042
33134274
33134305
33137923
33137924
33138485
33138857
33138858
33138859
33138860
33138861
33138862
33139488
33139495
33139841
33141193
33141528
33141605
33141678
33142395
33142678
33142745
33143061
33143062
33143064
33143222
33143408
33144025
33144026
33144028
33144030
33144031
33144032
33144033
33144040
33144041
33144045
33144052
33144054
33144056
33144057
33144059
33144060
33144061
33144063
33144066
33144070
33144071
33144073
33144074
33144075
33144076
33144080
33144083
33144084
33144085
33144087
33149685
33150716
33160527
33160535
33160537
33160539
33160540
33165550
33165551
33165776
33165787
33166060
33166061
33166062
33166447
33167435
33167812
33168594
33170806
33170807
33170808
33170809
33170810
33171069
33171189
33171982
33172095
33172839
33173555
33173558
33173564
33173565
33173566
33173567
33173568
33173573
33173576
33173577
33173579
33173584
33173664
33175480
33175760
33175776
33175781
33184861
33184862
33189071
33189631
33196908
33197127
33197129
33198653
33204482
33204496
33204498
33206213
33207309
06313231
06313305
06313331
06313360
06552470
33118474
33132194
33157712
33168214
33022562
33035206
33035208
33053071
33053149
33058338
33066470
33117283
33117298
33122277
33160541
08015131
08015132
33001526
33006072
33006079
33009095
33009529
33009560
33013369
33013384
33019466
33019537
33034450
33034451
33034554
33034608
33034670
33034833
33034834
33047828
33049869
33062694
33066961
33067682
33072435
33082606
33098202
33113446
33113540
33113553
33113576
33114135
33114136
33114246
33114494
33114589
33115406
33115810
33115811
33115813
33115814
33116314
33117118
33117121
33118230
33118414
33118621
33119534
33119745
33119998
33120100
33120435
33121399
33121509
33122167
33122171
33122177
33122185
33122190
33122211
33122212
33122226
33122252
33122254
33122255
33122256
33122257
33122258
33122264
33122267
33122271
33122273
33122279
33132153
33137081
33139091
33139104
33139869
33140030
33140093
33140120
33140962
33141328
33141520
33142313
33143334
33143659
33144017
33144029
33144036
33144047
33144048
33144086
33144093
33152504
33159352
33166055
33166056
33170423
33171210
33172399
33173076
33173217
33173423
33173424
33173574
33173575
33173585
33174027
33204494
33204495
33205451
77000443
06313232
06313346
06366446
33059431
33059432
33064578
06311028
06312086
06312325
06312986
06313248
06313253
06313255
06313272
06313277
06313278
06313279
06313281
06313282
06313294
06313295
06313297
06313299
06313300
06313307
06313308
06313313
06313318
06313343
06313350
06313352
06313354
06313435
06313673
06315149
06366431
06366439
06366440
06366451
06366454
06366464
06368297
06388153
33008763
33067833
33117081
33121492
33165519
33170647
33172408
33009321
33009739
33020077
33020100
33046481
33049038
33062705
33064585
33067170
33094602
33113277
33113567
33114244
33115812
33115852
33120511
33120820
33121566
33121915
33122176
33122274
33133921
33138732
33140668
33142220
33143975
33144069
33160536
33160538
33167519
33173583
77007750
33119473
06313274
06313275
06313330
06313345
06313723
06325839
06366452
06366466
06398837
06552922
33059933
33059934
33059935
33065857
33065862
33065863
33112964
33117819
33117820
33151813
33173547
32029929
32042066
32042219
33009546
33016660
33048803
33048901
33049884
33053082
33053151
33053662
33059423
33068660
33091454
33091455
33091456
33091457
33091458
33112876
33115011
33115012
33115385
33120784
33122021
33122243
33122248
33122249
33144044
33150250
33152367
33065372
32013965
32014317
32019533
32020027
77000043
06313273
06313304
06325838
33121854
33122137
33122142
33122152
33122156
33164683
33172094
33207398
06313291
32006638
32006726
32013863
32026598
21020032
33034453
33062764
33091453
33091459
33120217
06312951
06366608
33114066
33115070
33117383
33117520
33118275
33171258
33059064
33059065
33065380
06303876
06513608
32030197
32030271
32044238
06313301
06366442
06398808
33122154
07110413
32004781
32005194
32005289
32010005
32011398
32014314
32015794
32020807
32030190
32030191
32030193
32030194
32030195
32030198
32030199
32032641
32034132
33122148
33068399
07109588
07110451
32000477
32030189
32030192
32037716
06312564
07109645
32043164
33053102
